10 1 1 1
41 18467 6334 26500 19169 15724 11478 29358 26962 24464 
1 2 5705
2 1 28145
1 3 23281
3 1 16827
1 4 9961
4 1 491
1 5 2995
5 1 11942
1 6 4827
6 1 5436
1 7 32391
7 1 14604
1 8 3902
8 1 153
1 9 292
9 1 12382
1 10 17421
10 1 18716
2 1 19718
1 2 19895
2 3 5447
3 2 21726
2 4 14771
4 2 11538
2 5 1869
5 2 19912
2 6 25667
6 2 26299
2 7 17035
7 2 9894
2 8 28703
8 2 23811
2 9 31322
9 2 30333
2 10 17673
10 2 4664
3 1 15141
1 3 7711
3 2 28253
2 3 6868
3 4 25547
4 3 27644
3 5 32662
5 3 32757
3 6 20037
6 3 12859
3 7 8723
7 3 9741
3 8 27529
8 3 778
3 9 12316
9 3 3035
3 10 22190
10 3 1842
4 1 288
1 4 30106
4 2 9040
2 4 8942
4 3 19264
3 4 22648
4 5 27446
5 4 23805
4 6 15890
6 4 6729
4 7 24370
7 4 15350
4 8 15006
8 4 31101
4 9 24393
9 4 3548
4 10 19629
10 4 12623
5 1 24084
1 5 19954
5 2 18756
2 5 11840
5 3 4966
3 5 7376
5 4 13931
4 5 26308
5 6 16944
6 5 32439
5 7 24626
7 5 11323
5 8 5537
8 5 21538
5 9 16118
9 5 2082
5 10 22929
10 5 16541
6 1 4833
1 6 31115
6 2 4639
2 6 29658
6 3 22704
3 6 9930
6 4 13977
4 6 2306
6 5 31673
5 6 22386
6 7 5021
7 6 28745
6 8 26924
8 6 19072
6 9 6270
9 6 5829
6 10 26777
10 6 15573
7 1 5097
1 7 16512
7 2 23986
2 7 13290
7 3 9161
3 7 18636
7 4 22355
4 7 24767
7 5 23655
5 7 15574
7 6 4031
6 7 12052
7 8 27350
8 7 1150
7 9 16941
9 7 21724
7 10 13966
10 7 3430
8 1 31107
1 8 30191
8 2 18007
2 8 11337
8 3 15457
3 8 12287
8 4 27753
4 8 10383
8 5 14945
5 8 8909
8 6 32209
6 8 9758
8 7 24221
7 8 18588
8 9 6422
9 8 24946
8 10 27506
10 8 13030
9 1 16413
1 9 29168
9 2 900
2 9 32591
9 3 18762
3 9 1655
9 4 17410
4 9 6359
9 5 27624
5 9 20537
9 6 21548
6 9 6483
9 7 27595
7 9 4041
9 8 3602
8 9 24350
9 10 10291
10 9 30836
10 1 9374
1 10 11020
10 2 4596
2 10 24021
10 3 27348
3 10 23199
10 4 19668
4 10 24484
10 5 8281
5 10 4734
10 6 53
6 10 1999
10 7 26418
7 10 27938
10 8 6900
8 10 3788
10 9 18127
9 10 467