100 1 0 1
98 53 84
30 61 -15
41 90 -92
86 86 -71
48 73 -26
82 82 -7
100 52 -57
42 49 -15
33 1 -75
51 59 34
29 100 -46
18 68 -80
45 57 -25
74 8 90
78 81 -28
13 26 81
56 34 -12
31 57 -52
84 57 -89
10 90 77
36 88 -61
64 3 -74
7 50 -26
51 83 4
41 9 32
84 56 -52
9 40 16
55 14 100
1 93 -79
65 43 77
64 68 -18
16 99 90
18 31 -46
72 18 -52
35 46 -35
90 45 55
61 63 -65
26 8 62
69 97 74
28 81 -85
63 37 27
25 6 -77
78 86 -32
56 76 22
35 36 49
7 62 50
83 99 25
46 67 -4
92 77 -68
18 19 66
91 99 19
75 96 18
39 52 12
67 3 -70
26 55 94
68 27 18
25 57 -16
34 16 -60
39 51 64
52 81 -30
91 24 74
18 27 73
56 38 79
88 21 -90
78 22 72
54 21 -1
14 48 -57
94 88 -11
31 81 16
55 84 16
47 85 0
92 49 -99
63 18 49
40 72 -16
52 7 97
98 21 88
51 47 37
99 25 -90
99 86 99
96 75 77
63 2 -30
96 35 16
37 88 -19
79 21 24
24 47 -63
28 51 -78
26 69 -80
20 55 -82
84 41 -81
43 96 68
2 46 31
44 15 -4
2 76 -28
7 27 49
71 70 -12
61 37 -13
51 86 91
86 89 -65
5 61 -4
42 21 -96
32 57 61
59 86 -59
44 79 -2
46 43 -62
17 21 20
69 76 51
47 33 -3
12 7 60
87 48 92
32 73 95
54 40 31
82 51 -30
47 49 64
86 27 -27
17 80 -47
46 99 30
36 15 31
41 45 77
2 40 -78
25 91 43
26 72 71
42 13 30
96 54 58
67 84 -74
57 12 89
37 73 -93
54 36 94
63 32 11
94 53 -16
83 32 -69
64 48 87
98 20 19
78 90 44
11 64 75
54 86 97
10 47 95
97 21 -10
9 18 -49
4 66 -32
1 68 91
15 61 -93
64 63 37
43 68 40
46 25 -58
100 49 -40
98 22 71
13 27 58
99 7 -2
1 30 -96
37 14 -9
35 63 -65
18 56 27
41 91 -63
54 71 68
31 20 -48
30 67 -74
13 13 -49
94 87 94
89 26 -48
54 61 6
57 44 -15
53 53 -71
51 73 -93
96 2 10
3 16 -59
67 11 -55
32 74 -62
74 1 -29
74 61 -28
12 91 49
63 32 -5
5 53 78
80 83 43
94 38 -80
72 39 -81
12 62 67
82 33 2
56 36 -42
47 89 64
70 76 -43
48 74 31
69 89 97
88 76 -51
25 28 -98
87 39 91
64 81 -78
78 33 58
6 87 13
94 18 28
82 73 16
29 82 65
10 63 29
76 38 -21
41 2 51
36 2 -45
4 67 100
44 16 61
41 25 -24
84 28 65
44 62 -47
96 5 -15
44 71 13
12 92 -59
24 47 -51
82 10 -17
43 76 -67
25 50 1
78 35 100
20 84 -76
20 86 -39
20 99 -79
87 76 -78
15 76 88
46 70 39
63 21 95
23 98 -89
58 3 37
4 38 -41
74 73 62
21 64 92
31 9 -51
50 89 61
79 17 21
30 14 44
16 67 -34
71 96 6
7 10 -15
49 55 89
98 65 76
78 87 -39
41 69 -47
56 97 -57
67 97 -20
45 3 -84
14 87 58
27 92 -67
33 75 63
83 62 -94
65 11 -25
21 80 91
56 9 -59
46 31 -77
65 21 19
91 79 -15
42 61 57
96 29 58
80 81 16
87 82 71
25 68 -95
46 17 38
39 11 -92
49 96 13
20 43 52
22 55 -45
60 21 -22
24 8 -53
22 12 -2
52 16 -77
50 82 50
73 28 56
37 76 -59
26 97 49
67 74 3
80 48 100
13 42 -17
91 43 -50
53 25 -73
16 64 83
66 54 70
50 97 92
18 14 -8
55 34 90
19 85 35
86 95 -68
29 34 -9
97 77 -25
32 47 42
66 8 -12
73 81 -46
3 88 65
60 92 88
84 71 60
89 8 -99
89 11 21
99 47 58
15 53 -99
94 35 49
93 42 99
31 74 -61
21 93 -87
79 31 -55
18 74 78
48 48 -51
44 33 -90
11 38 96
42 7 42
8 67 10
3 89 -6
27 51 85
39 14 -32
27 96 27
43 54 -86
70 84 1
61 34 100
64 59 74
40 69 28
28 70 -63
23 34 21
93 20 87
25 32 -36
88 76 73
46 90 -48
38 50 81
96 25 -41
92 28 49
87 12 8
93 64 65
33 3 25
64 40 -11
10 83 -21
28 83 33
58 46 73
35 94 -30
77 45 -55
4 21 3
59 7 -47
62 94 -44
37 31 -65
17 80 -2
42 47 8
14 72 60
96 86 -77
78 77 58
57 3 20
67 53 -7
23 58 -70
20 39 -8
19 81 75
84 67 -51
89 80 -48
45 55 66
4 72 31
19 15 66
48 61 -65
84 31 -30
49 58 -3
64 47 -44
61 49 -59
83 31 -24
20 66 77
50 40 -96
27 83 67
23 84 16
40 34 43
22 31 -32
15 27 -74
67 23 28
27 13 -34
85 20 73
50 76 -30
48 45 59
4 79 -8
63 79 -84
34 18 63
83 71 89
61 43 -31
88 6 -30
25 45 -66
48 8 -33
11 47 -49
54 31 59
5 54 38
62 77 34
6 18 71
50 47 -4
4 52 -64
60 22 98
16 24 8
44 66 -27
87 98 -85
7 89 59
19 85 21
19 87 -14
90 1 51
92 32 77
10 2 -21
14 98 65
83 23 83
35 63 -58
10 84 -51
90 46 -19
56 79 41
86 66 -8
73 76 -38
48 28 87
68 22 9
90 51 82
12 53 -83
11 23 -51
44 100 -82
96 89 60
39 18 -65
6 75 -49
64 71 51
14 86 -79
25 75 66
86 29 -47
62 83 -34
93 68 27
43 87 4
50 24 -66
34 35 -8
81 9 30
63 84 -47
63 63 10
15 14 -68
99 89 -54
45 86 -31
98 69 -39
8 23 -72
57 96 79
69 15 -81
90 24 -34
30 76 -86
96 88 6
76 89 51
25 1 -95
1 5 -6
100 55 -40
43 37 45
65 98 -62
37 55 -73
60 71 68
12 69 -14
26 93 63
35 41 13
17 80 -68
52 93 62
59 36 -98
78 71 -30
6 56 96
50 44 44
29 23 -17
39 60 71
5 95 0
10 7 27
39 55 99
86 96 11
75 50 -40
31 79 -97
33 96 93
14 32 55
72 79 79
16 94 -24
18 82 -49
90 85 -87
40 47 2
90 94 35
28 16 92
66 88 -46
23 46 -33
85 67 -77
33 46 50
9 94 -75
93 27 53
98 28 -77
28 49 21
87 77 -40
2 93 -58
1 6 24
65 29 -79
10 10 34
22 59 -26
32 7 -35
19 32 31
40 90 -51
63 16 -91
93 47 81
68 66 -19
75 100 -27
81 66 75
31 26 60
28 45 62
23 3 -10
30 76 1
2 23 -27
28 24 -85
16 4 77
61 75 32
23 70 -71
67 10 90
50 84 -95
60 46 -52
42 15 -70
95 85 59
91 34 11
62 34 46
99 87 74
84 44 -5
8 61 94
